   0.0000000e+00   0.0000000e+00   0.0000000e+00   0.0000000e+00   0.0000000e+00   0.0000000e+00
  -9.6553212e-03  -1.2889424e-02  -1.5123722e-01   9.4981332e-04  -5.1481982e-04  -2.6339521e-04
   3.5368574e-02   8.1343857e-01  -1.6044859e-01   7.9693255e-03   2.1693978e-04   5.2316522e-04
   6.3842238e-02   1.4737645e+00  -6.3344511e-01   1.7037598e-02  -1.0588152e-03   9.9900401e-04
   1.0582073e-01   1.6579371e+00  -5.9278109e-01   1.9327207e-02   2.1050202e-04   5.6596978e-04
   1.9194122e-01   2.0624819e+00  -9.4724012e-01   2.5207259e-02   9.0305189e-04   1.2361301e-03
   2.3852497e-01   2.1688626e+00  -8.3233971e-01   2.6110250e-02   1.5448694e-03   1.3561415e-03
   2.4259482e-01   2.0832504e+00  -7.5897152e-01   2.3423929e-02   1.3874201e-03   1.5165773e-03
   2.5122639e-01   1.8490565e+00  -5.5308807e-01   2.0280584e-02   1.9768235e-03   1.3881473e-03
   2.7382798e-01   1.9443859e+00  -5.1970876e-01   2.1206502e-02   2.2772248e-03   1.3673719e-03
   3.0249758e-01   2.0174580e+00  -4.7470217e-01   2.0968553e-02   2.5234479e-03   1.4328527e-03
   2.8052877e-01   1.9792814e+00  -4.4420247e-01   2.0308845e-02   2.2164415e-03   1.4319417e-03
   2.8172652e-01   1.9617495e+00  -3.7399281e-01   1.9375030e-02   2.6008555e-03   1.4568021e-03
   2.9515323e-01   1.9288740e+00  -3.5409995e-01   1.9031853e-02   2.7568149e-03   1.3911797e-03
   2.7806315e-01   1.9170356e+00  -3.4582211e-01   1.8419479e-02   2.8070017e-03   1.2858990e-03
   2.4699001e-01   1.8241173e+00  -2.4575462e-01   1.6532757e-02   2.2773878e-03   1.3095237e-03
   2.6791263e-01   2.0013674e+00  -4.1923177e-01   1.9829813e-02   2.6195745e-03   1.2472430e-03
   2.5817597e-01   1.9037487e+00  -4.0569227e-01   1.9659970e-02   2.4399163e-03   1.5985626e-03
   2.6044336e-01   1.9531654e+00  -3.2462735e-01   1.9163210e-02   2.7467768e-03   1.2083795e-03
   2.7834753e-01   1.9742753e+00  -3.0120445e-01   1.9197848e-02   2.7667126e-03   1.1161962e-03
   2.8126456e-01   1.9474915e+00  -2.6976764e-01   1.7328180e-02   2.6196716e-03   1.3611663e-03
   2.6675895e-01   1.8464780e+00  -2.2289457e-01   1.4855293e-02   2.3653678e-03   1.3479560e-03
   2.6222567e-01   1.8236768e+00  -1.9886162e-01   1.4485622e-02   2.3398219e-03   1.3342197e-03
   2.7929079e-01   1.8429267e+00  -2.2260243e-01   1.4247121e-02   2.5908737e-03   1.3513849e-03
   2.8638349e-01   1.8522469e+00  -3.6110708e-01   1.4748020e-02   2.9922633e-03   1.1415356e-03
   2.5553764e-01   1.5789404e+00  -2.7982121e-01   1.2055586e-02   2.6118061e-03   1.4810973e-03
   2.7434576e-01   1.6174268e+00  -2.4893281e-01   1.2356363e-02   2.8165176e-03   1.5920034e-03
   2.9286394e-01   1.7238785e+00  -2.2388003e-01   1.3017443e-02   3.0492988e-03   1.3802939e-03
   2.8990186e-01   1.7431429e+00  -2.3839213e-01   1.3566555e-02   3.1466513e-03   1.3114653e-03
   2.9200142e-01   1.7592287e+00  -2.2012493e-01   1.3396026e-02   3.3022636e-03   1.1913030e-03
   2.9884865e-01   1.7990327e+00  -2.0707435e-01   1.3576072e-02   3.4024034e-03   1.1173000e-03
   2.9613988e-01   1.8107421e+00  -1.9757599e-01   1.3762211e-02   3.3851952e-03   1.0413304e-03
   3.1260679e-01   1.8530853e+00  -2.3100415e-01   1.4518884e-02   3.6598815e-03   1.0248182e-03
   3.1175433e-01   1.8746482e+00  -2.0359884e-01   1.4529003e-02   3.6332661e-03   1.0460646e-03
   3.0293899e-01   1.8973913e+00  -1.9121029e-01   1.4326443e-02   3.5582714e-03   1.0504216e-03
   3.0427570e-01   1.8917136e+00  -1.9061756e-01   1.4470858e-02   3.6009495e-03   9.8438798e-04
   2.9500272e-01   1.9635388e+00  -2.3681375e-01   1.5596515e-02   3.3548095e-03   9.2079416e-04
   2.5593434e-01   1.8759516e+00  -1.1360173e-01   1.3333783e-02   2.7587716e-03   6.6817291e-04
   2.1461893e-01   1.7965537e+00  -8.0851521e-02   1.2681871e-02   2.3378074e-03   1.2842012e-04
   2.1891865e-01   1.7381891e+00  -7.9932401e-02   1.1571863e-02   2.6129841e-03   1.7200416e-04
   2.2806596e-01   1.7920942e+00  -5.6801211e-02   1.2034061e-02   2.8782842e-03   2.1291946e-04
   2.1158167e-01   1.7730132e+00  -3.7733482e-02   1.1574431e-02   2.4285866e-03   1.7555628e-04
   2.0445470e-01   1.7294568e+00  -2.7192757e-02   1.0801500e-02   2.3817723e-03   7.4480815e-05
   2.0436409e-01   1.7120874e+00  -2.0931715e-02   1.0272957e-02   2.5345141e-03   1.0405579e-04
   1.7685185e-01   1.6318583e+00  -8.9636487e-03   9.5845356e-03   2.3918126e-03  -4.0217303e-04
   2.3063139e-01   1.7618519e+00   1.5773694e-02   1.1518960e-02   3.3134294e-03  -2.6095533e-04
   2.6631109e-01   1.8117311e+00   6.2614623e-02   1.1482111e-02   3.6319689e-03   3.2602997e-05
   2.6106502e-01   1.7850455e+00   7.2510026e-02   1.0644862e-02   3.6652001e-03  -1.9156005e-05
   9.1170420e-02   3.9939896e-01   1.0791249e+00  -1.0581387e-02   1.0594927e-03   1.8552127e-04
   1.2480264e-01   4.3117159e-01   1.3801222e+00  -6.5367188e-03   2.7434466e-03  -2.6038600e-04
   2.0551875e-01   5.2906470e-01   1.2017291e+00  -4.5680827e-03   3.4873323e-03  -1.5891504e-04
   2.1178293e-01   5.0159058e-01   1.2064334e+00  -5.0888760e-03   3.4244873e-03  -8.9589131e-05
   2.2018768e-01   5.0095846e-01   1.1941034e+00  -4.9117866e-03   3.7807471e-03  -3.0728223e-04
   2.4551273e-01   5.6248333e-01   1.2292710e+00  -3.6125407e-03   4.0265768e-03  -2.1060989e-04
   2.5612518e-01   5.6950254e-01   1.2830629e+00  -3.6172832e-03   4.0510325e-03  -2.1703923e-04
   2.3304485e-01   4.9042786e-01   1.2766467e+00  -4.0403775e-03   3.7716091e-03  -3.0824153e-04
   2.2816231e-01   4.5296054e-01   1.2915764e+00  -4.9371819e-03   3.7187268e-03  -1.5696940e-04
   2.0024151e-01   4.1707769e-01   1.3236689e+00  -4.4647239e-03   3.5543481e-03  -2.5008172e-04
   1.9488259e-01   4.5857547e-01   1.3114761e+00  -3.5849078e-03   3.4721604e-03  -3.4847903e-04
   1.4271308e-01   3.8737817e-01   1.2982065e+00  -4.4781463e-03   2.6245441e-03  -6.8673101e-04
   1.7596658e-01   3.6042813e-01   1.3651033e+00  -3.9803460e-03   3.0686995e-03  -4.6591616e-04
   1.7877254e-01   3.5283536e-01   1.3955945e+00  -4.2192679e-03   3.1855633e-03  -2.2793915e-04
   1.7672062e-01   3.4164778e-01   1.3956482e+00  -4.5470260e-03   3.0307944e-03  -1.8785461e-04
   1.7566012e-01   3.5242087e-01   1.3871611e+00  -4.8042076e-03   3.0210077e-03  -1.6131607e-04
   1.2497357e-01   1.8482472e-01   1.4292852e+00  -7.3683393e-03   2.2217497e-03  -4.1121673e-04
  -3.1050656e-01  -1.7812690e-01   3.0650830e+00  -1.1366666e-02  -2.7324580e-03   1.5099250e-03
  -2.2328228e-01  -3.4716378e-01   3.2263270e+00  -1.0429483e-02  -6.0500929e-04  -7.9736044e-04
  -3.5435151e-01  -1.2380410e+00   3.6611876e+00  -3.5598836e-02  -3.0694850e-03   3.1394000e-03
  -4.1006378e-01  -1.2271794e+00   3.8154335e+00  -3.4040874e-02  -3.8451962e-03   2.0447052e-03
  -3.7840734e-01  -1.1490443e+00   3.8028788e+00  -3.0066334e-02  -3.1519777e-03   1.7307282e-03
  -4.1000884e-01  -1.0838415e+00   3.7357065e+00  -2.9462315e-02  -3.6847874e-03   1.6050416e-03
  -6.5939178e-01  -1.6202316e+00   3.7212733e+00  -4.3232053e-02  -7.5781369e-03  -1.7989273e-04
  -5.9678357e-01  -1.2660457e+00   3.6649830e+00  -3.3072352e-02  -6.1881897e-03  -9.0382055e-04
  -5.3009354e-01  -1.0819005e+00   3.5744455e+00  -2.8010630e-02  -5.2938227e-03  -9.7112975e-04
  -5.3343231e-01  -1.0988401e+00   3.6198374e+00  -2.8849559e-02  -5.3570316e-03  -8.0834463e-04
  -5.4413909e-01  -1.1168893e+00   3.6136336e+00  -2.9020001e-02  -5.5208079e-03  -9.7058437e-04
  -6.0635274e-01  -1.4589775e+00   3.6618656e+00  -3.7979279e-02  -6.5260454e-03  -1.0945437e-03
  -5.8762169e-01  -1.3694789e+00   3.6503080e+00  -3.5196655e-02  -5.9676279e-03  -1.1421500e-03
  -5.7052159e-01  -1.2985967e+00   3.6540618e+00  -3.3500884e-02  -5.5247500e-03  -1.3479143e-03
  -5.1071243e-01  -1.0684931e+00   3.2262917e+00  -3.4359220e-02  -5.1160083e-03  -1.9767136e-03
  -2.7160077e-01   1.0096938e+00   3.7444679e+00  -3.2016355e-04  -6.6450543e-03   4.1171454e-04
  -3.8668342e-01   1.1207695e-01   4.0121737e+00  -1.1045894e-02  -6.0506076e-03  -1.0971779e-03
  -4.3542639e-01  -1.1277653e-01   4.0774543e+00  -1.7515242e-02  -6.6013931e-03  -7.9052873e-04
  -4.2162221e-01   3.2906119e-02   4.0520571e+00  -1.2925353e-02  -6.2908673e-03  -1.0444135e-03
  -4.3545477e-01   1.1555265e-01   4.0928797e+00  -1.2344108e-02  -6.5937347e-03  -1.3100419e-03
  -3.4263639e-01  -1.0200720e+00   3.5210167e+00  -2.8277388e-02  -4.5924387e-03  -3.2427162e-03
  -4.7513975e-01  -2.9853173e-01   4.3980098e+00  -2.0826951e-02  -6.5443883e-03  -2.3757160e-03
  -4.5531534e-01  -3.6299952e-01   4.4016697e+00  -1.9969332e-02  -5.9219803e-03  -2.4055557e-03
  -4.5057555e-01  -3.3652088e-01   4.4503568e+00  -1.8139477e-02  -6.0679397e-03  -2.4875630e-03
  -4.3021718e-01  -2.7378031e-01   4.4830786e+00  -1.8177167e-02  -5.7660882e-03  -2.4670428e-03
  -4.1862786e-01  -1.7357591e-01   4.5063069e+00  -1.6398458e-02  -5.4717318e-03  -2.5088278e-03
  -4.2098423e-01  -1.1972889e-01   4.4491021e+00  -1.5619673e-02  -5.6126782e-03  -2.4342498e-03
  -4.4771333e-01  -1.8397272e-01   4.5393864e+00  -1.7332048e-02  -6.1409485e-03  -2.3667048e-03
  -4.0176580e-01  -8.8650886e-02   4.4016702e+00  -1.5407102e-02  -5.5682686e-03  -2.4352360e-03
  -3.9315495e-01  -5.1342266e-02   4.3981559e+00  -1.4883488e-02  -5.7428141e-03  -2.5675336e-03
  -3.7559686e-01   4.4049858e-02   4.4321311e+00  -1.2423942e-02  -5.6172078e-03  -2.7845242e-03
  -3.7284440e-01  -1.6181026e-03   4.4028851e+00  -1.3657585e-02  -5.3859674e-03  -2.6810990e-03
  -3.8417404e-01   2.0114848e-02   4.4155028e+00  -1.3544252e-02  -5.5697144e-03  -2.5711664e-03
  -3.6764283e-01   5.5835578e-02   4.4258347e+00  -1.2462827e-02  -5.4227975e-03  -2.5485191e-03
  -3.7406973e-01   8.4331558e-02   4.4241548e+00  -1.1930523e-02  -5.4395478e-03  -2.4879414e-03
  -3.8377366e-01   1.0124997e-01   4.4257836e+00  -1.1734488e-02  -5.4743318e-03  -2.5802349e-03
  -3.9778950e-01   5.9125916e-02   4.4373862e+00  -1.3089433e-02  -5.5874605e-03  -2.5534789e-03
  -4.3966109e-01   4.1002811e-03   4.1725818e+00  -1.3869967e-02  -6.4079554e-03  -2.5940609e-03
  -4.4460889e-01  -1.5472494e-01   4.2740499e+00  -1.8650874e-02  -6.0991058e-03  -2.9395337e-03
  -4.2277578e-01  -3.9033503e-03   4.2105502e+00  -1.5590937e-02  -5.5752599e-03  -2.8061603e-03
  -4.1047099e-01   4.6003699e-02   4.2240172e+00  -1.4545900e-02  -5.3903212e-03  -2.8023757e-03
  -4.0583574e-01   6.5126388e-02   4.2491332e+00  -1.4453646e-02  -5.3069023e-03  -2.6825424e-03
  -4.0819952e-01   2.8987710e-02   4.2628525e+00  -1.5227527e-02  -5.3093076e-03  -2.6501404e-03
  -4.0309740e-01   7.1045126e-02   4.2595064e+00  -1.4441937e-02  -5.1909975e-03  -2.4176466e-03
  -2.9651697e+00  -7.1567914e+00   5.1019627e+00  -6.3586769e-02  -3.2636495e-02   3.3074893e-03
  -3.4059337e+00  -3.0377292e+00   5.9943896e+00  -3.9950567e-02  -4.2612219e-02  -5.7594891e-03
  -3.2207841e+00  -2.2848016e+00   5.7333896e+00  -3.3995345e-02  -4.1523693e-02  -6.4779079e-03
  -3.1496479e+00  -2.2602748e+00   5.8844205e+00  -3.4650770e-02  -4.0343934e-02  -7.5444998e-03
  -3.1581125e+00  -2.1765219e+00   5.8979595e+00  -3.3672079e-02  -4.0249211e-02  -7.6698268e-03
  -3.1456820e+00  -2.1403417e+00   5.9437740e+00  -3.3551878e-02  -3.9956435e-02  -7.7480423e-03
  -3.1361589e+00  -2.0733346e+00   5.9152298e+00  -3.2934673e-02  -4.0120296e-02  -7.9569003e-03
  -2.8274485e+00  -9.9465851e-01   7.7882570e+00  -2.7160531e-02  -3.3346503e-02  -8.7754034e-03
  -1.8896718e+00  -8.2694517e-01   7.5297828e+00  -2.4088355e-02  -2.5578924e-02  -8.0800813e-03
  -1.8445617e+00  -4.9866969e-01   7.5853445e+00  -2.0075156e-02  -2.2672431e-02  -8.4581232e-03
  -1.8517923e+00   1.3890972e-01   7.3189823e+00  -8.8355652e-03  -2.2692012e-02  -9.8330976e-03
  -1.8082158e+00   2.0001597e-01   7.3759240e+00  -6.9531595e-03  -2.2074513e-02  -1.0236642e-02
  -1.8309499e+00   2.4258376e-01   7.4641324e+00  -6.2088849e-03  -2.2145006e-02  -1.0162707e-02
  -1.7448502e+00   3.8786684e-01   7.5024088e+00  -5.3306888e-03  -2.1980075e-02  -1.0437587e-02
  -1.7560033e+00   3.4165789e-01   7.4563167e+00  -6.2504574e-03  -2.1933417e-02  -1.0352096e-02
  -1.7503824e+00   3.8557099e-01   7.4678927e+00  -6.9773733e-03  -2.1645260e-02  -1.0547217e-02
  -1.7607250e+00   3.9807263e-01   7.4860034e+00  -6.6407881e-03  -2.1685049e-02  -1.0395366e-02
  -1.7894299e+00   3.7094497e-01   7.6719875e+00  -6.9586904e-03  -2.1819026e-02  -1.0419251e-02
  -1.8003632e+00   7.6669774e-02   7.7114787e+00  -1.4203035e-02  -2.2167465e-02  -1.0091379e-02
  -1.7766097e+00   3.5465332e-02   7.6739755e+00  -1.4324631e-02  -2.2158848e-02  -1.0496274e-02
  -1.7803880e+00   2.1007933e-01   7.6753456e+00  -1.1269392e-02  -2.1843149e-02  -1.0525357e-02
  -1.7990466e+00   1.5893196e-01   7.7128260e+00  -1.2118812e-02  -2.1844190e-02  -1.0556955e-02
  -1.8190603e+00   2.1166414e-01   7.7230484e+00  -1.1959993e-02  -2.1990914e-02  -1.0824696e-02
  -1.7987220e+00   2.0842218e-01   7.7525818e+00  -1.1477130e-02  -2.1936098e-02  -1.0871142e-02
  -1.7899396e+00   1.2560626e-01   7.8516133e+00  -1.2699509e-02  -2.2028412e-02  -1.0976473e-02
  -1.7950885e+00   1.2319144e-01   7.8778040e+00  -1.3322213e-02  -2.2203088e-02  -1.0795276e-02
  -1.8008013e+00   1.8260057e-01   7.9037401e+00  -1.3096460e-02  -2.2207900e-02  -1.0967516e-02
  -1.8037359e+00   1.3928319e-01   7.8779745e+00  -1.2452632e-02  -2.2078266e-02  -1.0874954e-02
  -1.7855026e+00   1.7855731e-01   7.9473601e+00  -1.1924212e-02  -2.2137076e-02  -1.0785758e-02
  -1.7803773e+00   1.8852522e-01   7.9609292e+00  -1.2065462e-02  -2.2305003e-02  -1.0780960e-02
  -1.7736973e+00   2.3407320e-01   7.8898442e+00  -1.1812495e-02  -2.2210707e-02  -1.0752844e-02
  -1.7625672e+00   3.7302922e-01   7.7749664e+00  -1.0095872e-02  -2.2017902e-02  -1.0679199e-02
  -1.8143861e+00   1.5816605e-01   8.0983452e+00  -1.1060020e-02  -2.2758169e-02  -1.1911930e-02
  -1.7540262e+00  -7.8720594e-02   8.1031799e+00  -1.4110324e-02  -2.2211262e-02  -1.0488778e-02
  -1.7686494e+00  -8.4912916e-02   8.1021134e+00  -1.6498715e-02  -2.2341239e-02  -1.0229808e-02
  -1.7522748e+00  -6.8155507e-02   8.1147023e+00  -1.6080965e-02  -2.2082666e-02  -1.0646080e-02
  -1.7424349e+00  -2.6818356e-02   8.2121795e+00  -1.4747907e-02  -2.1939905e-02  -1.0396697e-02
  -1.7525789e+00  -1.8308350e-01   8.2709358e+00  -1.8030184e-02  -2.2341404e-02  -1.0362836e-02
  -1.7275033e+00  -1.1368440e-01   8.2794817e+00  -1.6592693e-02  -2.2082471e-02  -1.0504794e-02
  -1.7260056e+00   1.1521277e-02   8.2377567e+00  -1.4895425e-02  -2.1837236e-02  -1.0661118e-02
  -1.6988412e+00   1.6209068e-01   8.4121339e+00  -1.2626456e-02  -2.1644451e-02  -1.0867868e-02
  -1.7409424e+00  -2.3951714e-01   8.4061592e+00  -1.7496338e-02  -2.1909882e-02  -1.0033406e-02
  -1.7120439e+00  -1.8424976e-02   8.3435658e+00  -1.4322940e-02  -2.1404010e-02  -1.0279716e-02
  -1.6928822e+00   1.0905866e-01   8.3788514e+00  -1.2904219e-02  -2.1337553e-02  -1.0317274e-02
  -1.6915611e+00   1.7548536e-01   8.4120052e+00  -1.0978593e-02  -2.1119377e-02  -1.0416637e-02
  -1.7192162e+00   1.1892052e-02   8.5839484e+00  -1.2816753e-02  -2.1159172e-02  -1.0522213e-02
  -1.6898112e+00   3.7161852e-02   8.4477505e+00  -1.2671865e-02  -2.1419104e-02  -1.0071914e-02
  -1.7091535e+00   7.4882548e-02   8.3869976e+00  -1.3213978e-02  -2.1561572e-02  -1.0306790e-02
  -1.7041875e+00   7.9060947e-02   8.4260240e+00  -1.3759509e-02  -2.1589559e-02  -1.0511377e-02
  -1.6900436e+00   1.0968662e-01   8.4046610e+00  -1.3707729e-02  -2.1420176e-02  -1.0722349e-02
  -1.7078577e+00   6.8158026e-02   8.3613331e+00  -1.3500003e-02  -2.1688174e-02  -1.0341901e-02
  -1.7064825e+00   1.2162758e-01   8.3383082e+00  -1.4562437e-02  -2.1574573e-02  -1.0443462e-02
  -1.7317075e+00  -1.3405187e-02   8.4120112e+00  -1.6739507e-02  -2.2030053e-02  -1.0548853e-02
  -1.6450066e+00   8.7646497e-01   8.7050035e+00  -1.7936855e-04  -2.1305258e-02  -8.6715745e-03
  -1.8915222e+00  -4.7303084e-02   8.9427956e+00  -1.8407383e-02  -2.7574124e-02  -8.5115310e-03
  -1.7456147e+00  -1.4116917e-01   9.4413666e+00  -1.6552193e-02  -2.4180456e-02  -6.8728650e-03
  -1.6334428e+00   6.3447362e-01   9.5010393e+00  -3.7694203e-03  -2.2343543e-02  -8.7516654e-03
  -1.6067040e+00   7.1350759e-01   9.5113951e+00  -1.6901633e-03  -2.2498006e-02  -8.6099618e-03
  -1.5979182e+00   8.1551873e-01   9.5689038e+00   2.1894241e-04  -2.2226358e-02  -8.9951103e-03
  -1.5885586e+00   7.0710307e-01   9.7030995e+00  -8.4906366e-04  -2.2414846e-02  -8.7747011e-03
  -1.5747592e+00   7.0993114e-01   9.6348425e+00  -1.3809820e-03  -2.2304783e-02  -8.8567448e-03
  -1.5929075e+00   7.5020706e-01   9.5815215e+00  -6.0657543e-04  -2.2281550e-02  -8.8911605e-03
  -1.5764659e+00   7.7408171e-01   9.6513806e+00  -1.2591604e-03  -2.2308266e-02  -8.9270731e-03
  -1.5460405e+00   7.6275289e-01   9.7503809e+00  -1.6324465e-03  -2.2206825e-02  -9.3934260e-03
  -1.5225616e+00   7.4353936e-01   9.7203342e+00  -2.6477071e-03  -2.2274295e-02  -9.0837657e-03
  -1.5435544e+00   7.4225626e-01   9.8047185e+00  -1.7257677e-03  -2.2397834e-02  -9.3734949e-03
  -1.5158641e+00   7.7730069e-01   9.8023120e+00  -1.7044267e-03  -2.2118500e-02  -9.6007242e-03
  -1.5022673e+00   7.7502694e-01   9.7598393e+00  -2.2226985e-03  -2.2441791e-02  -9.6175646e-03
  -1.5162216e+00   7.9745505e-01   9.6653711e+00  -1.5771031e-03  -2.2278156e-02  -9.2583666e-03
  -1.3583055e+00   1.6683890e+00   1.0375712e+01   8.6160701e-03  -2.1556536e-02  -7.6623639e-03
  -1.6328338e+00   8.5484707e-01   1.0636009e+01   1.3318353e-03  -2.2673724e-02  -1.0500989e-02
  -1.6029918e+00   9.3248165e-01   1.0664330e+01   4.3919188e-03  -2.2063121e-02  -1.0329787e-02
  -1.5364158e+00   1.0371640e+00   1.0696199e+01   4.8241304e-03  -2.1401820e-02  -1.0738859e-02
  -1.5190150e+00   1.1540886e+00   1.0601106e+01   6.1903615e-03  -2.1124193e-02  -1.0673311e-02
  -1.4956031e+00   1.2931563e+00   1.0561208e+01   7.7192514e-03  -2.1141976e-02  -1.0505075e-02
  -1.4903242e+00   1.3403187e+00   1.0505813e+01   8.7963430e-03  -2.0947996e-02  -1.0612746e-02
  -1.4949306e+00   1.4588268e+00   1.0428453e+01   1.0554866e-02  -2.0912841e-02  -1.0801341e-02
  -1.5441779e+00   1.2775110e+00   1.0399826e+01   8.6936400e-03  -2.1370775e-02  -1.0833574e-02
  -1.6135795e+00   9.6715070e-01   1.0553278e+01   4.1015744e-03  -2.2354793e-02  -1.0668331e-02
  -1.5356117e+00   1.3821898e+00   1.0424984e+01   1.1212835e-02  -2.1279087e-02  -1.0973631e-02
  -1.5542555e+00   1.4988701e+00   1.0410920e+01   1.2793477e-02  -2.0930776e-02  -1.0895396e-02
  -1.5499275e+00   1.5493558e+00   1.0411980e+01   1.3857783e-02  -2.0880229e-02  -1.0836502e-02
  -1.6085629e+00   1.4233332e+00   1.0549434e+01   1.1812863e-02  -2.1554478e-02  -1.0929875e-02
  -1.5555370e+00   1.3478225e+00   1.0506346e+01   1.0738155e-02  -2.1527780e-02  -1.1278886e-02
  -1.5225554e+00   1.5059421e+00   1.0462227e+01   1.2907588e-02  -2.1158018e-02  -1.1241493e-02
  -1.5351134e+00   1.5141144e+00   1.0452344e+01   1.2863739e-02  -2.1130841e-02  -1.1112945e-02
  -1.5378860e+00   1.4481118e+00   1.0530862e+01   1.1424682e-02  -2.1133389e-02  -1.1298945e-02
  -1.5222424e+00   1.5129777e+00   1.0468188e+01   1.2849562e-02  -2.1076414e-02  -1.1217026e-02
  -1.5072347e+00   1.5675242e+00   1.0477338e+01   1.3588534e-02  -2.0805777e-02  -1.1252865e-02
  -1.5086904e+00   1.5722179e+00   1.0451272e+01   1.2936655e-02  -2.1129317e-02  -1.1112973e-02
  -1.5040294e+00   1.6229413e+00   1.0429096e+01   1.3801295e-02  -2.0866292e-02  -1.1119172e-02
  -1.5066978e+00   1.6227391e+00   1.0432719e+01   1.3696742e-02  -2.1097345e-02  -1.1127215e-02
  -1.5150258e+00   1.6452144e+00   1.0418837e+01   1.3886368e-02  -2.0886089e-02  -1.0977743e-02
  -1.5110552e+00   1.5719273e+00   1.0413312e+01   1.2183018e-02  -2.1067390e-02  -1.1057097e-02
  -1.5003872e+00   1.6097782e+00   1.0468879e+01   1.3397796e-02  -2.0835496e-02  -1.1051356e-02
  -1.4870561e+00   1.6311723e+00   1.0442124e+01   1.4016596e-02  -2.0866539e-02  -1.0925943e-02
  -1.5261726e+00   1.5015010e+00   1.0438320e+01   1.1399232e-02  -2.1475428e-02  -1.0351033e-02
  -1.5157748e+00   1.5098758e+00   1.0418420e+01   1.1516581e-02  -2.1290393e-02  -1.0775337e-02
  -1.5157772e+00   1.5112727e+00   1.0452156e+01   1.1201148e-02  -2.1275374e-02  -1.0967757e-02
  -1.5209998e+00   1.5136553e+00   1.0551697e+01   1.1786615e-02  -2.1370609e-02  -1.1313690e-02
  -1.6412610e+00   6.4185175e-01   1.0674424e+01  -4.7926821e-03  -2.2762298e-02  -1.0308897e-02
  -1.7277016e+00   2.1127289e-01   1.0732530e+01  -1.8296858e-02  -2.4018097e-02  -1.0951555e-02
  -1.6686728e+00   9.8301833e-01   1.0727147e+01  -2.5751986e-03  -2.3171625e-02  -1.2357736e-02
  -1.6063805e+00   1.2811655e+00   1.0712387e+01   2.0096661e-03  -2.2502725e-02  -1.2982814e-02
  -1.6173606e+00   1.2247382e+00   1.0640105e+01   1.0616555e-03  -2.2575691e-02  -1.2735704e-02
  -1.6013578e+00   1.4326486e+00   1.0604445e+01   4.1739625e-03  -2.2110564e-02  -1.2721522e-02
  -1.6140725e+00   1.3880409e+00   1.0654383e+01   4.3027581e-03  -2.2272985e-02  -1.2854944e-02
  -1.6056188e+00   1.3457210e+00   1.0633719e+01   3.8068406e-03  -2.2062222e-02  -1.3084957e-02
  -1.5942341e+00   1.3670510e+00   1.0649297e+01   4.3915176e-03  -2.2061706e-02  -1.3188199e-02
  -1.6218650e+00   1.3433428e+00   1.0659788e+01   3.9151957e-03  -2.2262526e-02  -1.3059151e-02
  -1.5943150e+00   1.4199159e+00   1.0663967e+01   5.2258540e-03  -2.1865098e-02  -1.3218895e-02
  -1.4825074e+00   1.7173774e+00   1.1227000e+01   1.3140899e-02  -2.1739977e-02  -5.7415949e-03
  -1.4426053e+00   1.3711916e+00   1.0602345e+01   1.2783812e-03  -2.1268050e-02  -3.8597052e-03
  -1.3748908e+00   3.0419068e+00   1.0069696e+01   3.0878984e-02  -2.0586975e-02  -4.3529824e-03
  -1.4744879e+00   2.0109348e+00   1.0177138e+01   1.3650553e-02  -2.1434025e-02  -5.7547847e-03
  -1.5713841e+00   1.4004164e+00   8.9856774e+00   9.5347606e-03  -2.0463191e-02  -8.9884187e-03
  -1.6884430e+00   1.1101261e+00   8.6069385e+00  -3.6596927e-03  -2.2368554e-02  -9.8159491e-03
  -1.5727412e+00   1.6731326e+00   8.9198119e+00   7.4037913e-03  -2.0489897e-02  -9.9875674e-03
  -1.5472983e+00   1.8196537e+00   8.9829190e+00   9.8687438e-03  -2.0155487e-02  -9.7129384e-03
  -1.5662490e+00   1.8613106e+00   9.0056901e+00   1.0100399e-02  -2.0255765e-02  -9.9746374e-03
  -1.5569020e+00   1.9259191e+00   9.0423862e+00   1.0898289e-02  -2.0228114e-02  -1.0169891e-02
  -1.5464979e+00   1.9219920e+00   9.0456214e+00   1.0711769e-02  -2.0006841e-02  -1.0128428e-02
  -1.5092526e+00   2.0029194e+00   9.1021240e+00   1.2035569e-02  -1.9892376e-02  -1.0327595e-02
  -1.4994751e+00   2.0220950e+00   9.1219294e+00   1.2363561e-02  -1.9843062e-02  -1.0330191e-02
  -1.5057259e+00   1.9030491e+00   9.1428656e+00   8.8004254e-03  -2.0285494e-02  -1.0876293e-02
  -1.5859367e+00   1.2957155e+00   9.0020017e+00  -2.3936552e-03  -2.2107091e-02  -1.2020254e-02
  -1.6611782e+00   7.4646069e-01   8.9347636e+00  -8.3526821e-03  -2.1879099e-02  -1.1773276e-02
  -1.6312041e+00   1.1770786e+00   8.9173187e+00  -1.0396276e-03  -2.0838617e-02  -1.1893129e-02
  -1.6463779e+00   1.0876983e+00   9.0572851e+00  -1.7067194e-03  -2.1361234e-02  -1.2450076e-02
  -1.6282710e+00   1.1675690e+00   9.1089994e+00   6.3704405e-04  -2.0645171e-02  -1.2525726e-02
  -1.6287709e+00   1.2278468e+00   9.1236401e+00   1.4362481e-03  -2.0675287e-02  -1.2580056e-02
  -1.6353484e+00   1.0321564e+00   9.2752698e+00  -1.2589981e-03  -2.0945817e-02  -1.2477353e-02
  -1.6478628e+00   1.0346094e+00   9.1652487e+00  -7.0250887e-04  -2.0910791e-02  -1.2517216e-02
  -1.6274546e+00   1.0847036e+00   9.2004653e+00  -5.8636742e-04  -2.0819730e-02  -1.2554685e-02
  -1.6205026e+00   1.0789328e+00   9.1864150e+00  -6.4996791e-04  -2.0745846e-02  -1.2590770e-02
  -1.6072856e+00   1.1100807e+00   9.1864119e+00  -6.2474730e-04  -2.0554700e-02  -1.2499291e-02
  -1.6043937e+00   1.0775821e+00   9.2023107e+00  -9.2662214e-04  -2.0854678e-02  -1.2386607e-02
  -1.5724994e+00   9.5600340e-01   9.4598239e+00  -2.7955304e-03  -2.1372883e-02  -1.2858460e-02
  -1.5875938e+00   9.2310451e-01   9.3255508e+00  -2.1869662e-03  -2.1224097e-02  -1.2574105e-02
  -1.6013810e+00   9.5798891e-01   9.3198504e+00  -2.7240311e-03  -2.1207540e-02  -1.2514881e-02
  -1.6321963e+00   9.8200780e-01   9.2914793e+00  -2.3099131e-03  -2.1210629e-02  -1.2359109e-02
  -1.6302783e+00   1.0268278e+00   9.2947176e+00  -1.5967235e-03  -2.0836170e-02  -1.2449945e-02
  -1.6285215e+00   9.9824683e-01   9.3521049e+00  -2.1924106e-03  -2.0965377e-02  -1.2432792e-02
  -1.6340191e+00   1.0002399e+00   9.2824743e+00  -1.5796539e-03  -2.1036800e-02  -1.2553250e-02
  -1.6169089e+00   1.0172820e+00   9.3810824e+00  -1.6142497e-03  -2.0768153e-02  -1.2797918e-02
  -1.5917917e+00   1.0662170e+00   9.3084972e+00  -7.7266878e-04  -2.0868765e-02  -1.2838686e-02
  -1.5539604e+00   1.2912372e+00   9.2227277e+00   3.0621824e-03  -2.0494418e-02  -1.2725368e-02
  -1.5549556e+00   1.4950374e+00   9.1582351e+00   7.1769655e-03  -1.9871932e-02  -1.3037284e-02
  -1.4323382e+00   2.3037861e+00   8.4800718e+00   1.4647592e-02  -1.8735058e-02  -1.4227256e-02
  -1.5829650e+00   1.5282533e+00   8.4994043e+00   5.5868752e-03  -2.0434335e-02  -1.3688112e-02
  -1.5773048e+00   1.6275195e+00   8.5582161e+00   8.0747133e-03  -1.9813642e-02  -1.4097911e-02
  -1.5815526e+00   1.6636545e+00   8.6685637e+00   8.4993246e-03  -2.0001405e-02  -1.4291130e-02
  -1.5904483e+00   1.6497816e+00   8.7118321e+00   8.9250035e-03  -1.9928896e-02  -1.4411927e-02
  -1.6844639e+00   1.8197577e+00   8.7601218e+00   1.8726894e-02  -2.2863538e-02  -1.3755225e-02
  -1.6147515e+00   1.7985623e+00   9.9452816e+00   1.1350455e-02  -2.1137496e-02  -1.2538889e-02
  -1.6060776e+00   1.4723956e+00   1.0138502e+01   9.4356609e-03  -2.0461864e-02  -1.4216920e-02
  -1.6232714e+00   1.5913410e+00   1.0169713e+01   1.1615632e-02  -2.0333574e-02  -1.4184676e-02
  -1.6103216e+00   1.6000168e+00   1.0179431e+01   1.1085279e-02  -2.0216964e-02  -1.4190777e-02
  -1.5686195e+00   1.6971577e+00   1.0147873e+01   1.2194950e-02  -1.9762921e-02  -1.4470400e-02
  -1.5694655e+00   1.7405321e+00   1.0063046e+01   1.2029277e-02  -1.9587858e-02  -1.4605231e-02
  -1.5362609e+00   1.7788557e+00   9.9838452e+00   1.1897489e-02  -1.9291753e-02  -1.4921357e-02
  -1.5346008e+00   1.7612654e+00   1.0010167e+01   1.1218247e-02  -1.9470402e-02  -1.4894071e-02
  -1.5884419e+00   1.6651288e+00   9.9902105e+00   9.8416903e-03  -1.9446704e-02  -1.4826952e-02
  -1.6531952e+00   1.3148943e+00   1.0109143e+01   4.0999186e-03  -2.0240686e-02  -1.3908507e-02
  -1.6433968e+00   1.2615025e+00   1.0156888e+01   3.4952532e-03  -2.0266199e-02  -1.3747029e-02
  -1.5760352e+00   1.7257251e+00   1.0116260e+01   1.1713002e-02  -1.9620701e-02  -1.3512308e-02
  -1.6110842e+00   1.6771363e+00   1.0153524e+01   1.2121892e-02  -2.0467547e-02  -1.2821306e-02
  -1.6309552e+00   1.6442315e+00   1.0176493e+01   1.1343197e-02  -2.0779240e-02  -1.2825676e-02
  -1.5946286e+00   1.8920604e+00   9.9537508e+00   1.5246509e-02  -1.9875374e-02  -1.3228620e-02
